 44 46 80 82 71 74
 40 42 2 5 41 44
 26 30 5 6 55 56
 56 60 9 13 34 37
 18 21 77 81 11 13
 19 22 4 6 76 78
 53 57 44 46 55 57
 57 58 77 80 21 25
 40 42 29 33 36 37
 73 76 6 7 41 43
 82 83 70 71 54 57
 58 60 57 58 55 58
 82 85 88 91 69 73
 87 91 79 80 54 55
 76 80 66 69 74 75
 97 98 64 68 38 41
 10 13 21 25 92 95
 74 78 85 87 30 32
 64 65 57 59 30 33
 56 58 33 34 87 88
 25 29 59 61 48 50
 3 5 86 90 17 19
 94 97 51 54 48 52
 30 31 94 95 54 58
 93 96 28 29 30 31
 31 32 93 96 38 41
 79 81 93 97 62 63
 42 44 96 98 32 35
 68 69 53 57 45 49
